100
2 4
522 40
2 2
755 11
875 93
103 5
1000 5
446 2
684 94
1000 97
2 36
2 50
120 75
838 46
885 57
2 5
728 33
758 85
239 20
70 56
801 16
1000 2
555 27
173 90
270 26
1000 99
2 3
2 1
13 37
793 69
924 39
712 1
921 39
1000 4
177 61
580 93
758 96
635 54
226 22
551 71
1000 96
537 11
3 10
397 40
67 45
582 60
398 61
964 38
642 34
363 69
2 99
665 37
494 92
912 68
930 46
991 9
279 28
1000 1
959 86
79 65
451 5
355 11
169 3
264 31
583 72
659 89
285 29
906 56
81 39
1000 98
497 91
124 68
958 86
918 38
808 71
424 35
816 86
2 95
950 95
289 65
30 46
440 28
892 10
2 98
317 36
277 79
2 97
871 75
1000 3
95 37
915 30
289 48
387 98
500 44
453 71
2 96
484 74
786 52
824 54
1000 95
