100
5388168
5
9999995
5103067
9999996
3191803
2295773
6735763
4461643
4125389
8237213
4751053
1750607
9971849
86293
8291470
6716541
10000000
2196613
1507483
1281246
9999163
3929879
4
9999929
9999972
3410821
8763892
9999997
5001361
7783893
983469
9999931
615403
9987391
559513
2896297
6697461
3949061
9325574
9682616
6513281
9299449
3910981
9999161
7551991
3855409
3323191
1481717
9999971
3132736
8184167
3
1403870
7742461
1264969
7
4936439
2360890
3877633
13
9999998
5462959
9516811
390548
4572049
6
1862603
8248729
8873129
928009
9309119
9999930
9999999
8603593
4461641
12
1144
5094841
7203246
4461642
7762723
4170220
9
2872729
592432
3023326
9999973
2
9999162
8
9999991
1
11
8697851
6865010
3702389
10
9010879
6463741
